- OS: Windows-10-10.0.19041-SP0 10.0.19041
- Python: 3.7.9
- Stable-Baselines3: 2.0.0
- PyTorch: 1.13.1+cpu
- GPU Enabled: False
- Numpy: 1.21.6
- Cloudpickle: 2.2.1
- Gymnasium: 0.28.1
- OpenAI Gym: 0.26.2
